0.3453552
-0.9287183
-1.105542
0.2575511
3.918479
-0.9030137
1.685776
-0.8738994
-1.050204
-0.7763239
-1.003597
2.273016
-0.6956328
-0.9477099
-0.7792502
-0.3037485
-1.007885
-1.061129
1.158557
-0.7579183
1.905626
0.9341919
-1.249657
-1.009515
0.9684775
-0.3046069
-0.04716975
-0.9498526
-0.8420857
2.363219
1.950883
1.292304
2.194568
-0.8159802
-1.155755
0.8864284
-1.115929
-0.6111382
-1.204586
-1.247433
-0.7464942
0.1048176
-1.016057
1.434161
-1.123164
0.5356345
-1.045932
2.129383
-0.9463723
0.133169
