0.210466369420226
-1.25701226520519
-1.02647775087013
0.210267143173034
3.95504957280898
-1.12422147055081
1.73279891955797
-1.04059451279386
-1.08597553139254
-0.844091609384279
-1.18215707778151
2.27782660743502
-0.630480165585869
-1.27606152765909
-0.692515744981184
-0.469035521789216
-0.96836798086695
-0.977400887626214
0.974576496497689
-1.24982577533244
1.97269147403734
0.958197011007177
-1.13207194388687
-1.15934622089288
1.05737291109053
-0.214187222343757
-0.266011239857253
-0.81463073021078
-1.20689674155083
2.46989287312943
1.75493309398964
1.35270672878861
2.10988061280475
-0.788677030853231
-1.27430348499829
1.06303599621335
-0.972363872316866
-0.441018943740981
-1.19748785972631
-1.31020904927609
-0.664841646182053
0.0235628610110243
-1.22193823433715
1.74503448781429
-1.04712933767624
0.616701994012498
-1.25544851529764
2.17929698316413
-0.956313404775358
0.301630359915142
