0.238517713706151
-1.28901875946273
-1.03299759507731
0.296234543830109
3.81956661114456
-1.16426351550054
1.70883341444781
-1.04027465582779
-1.10720352692459
-0.86638264166469
-1.24668607518118
2.20517134481511
-0.574628754997463
-1.25170642109499
-0.705306657931225
-0.347003074347651
-0.997068861307505
-0.987465007094052
0.987621210709228
-1.26103397066716
1.94383716878344
0.965560339033395
-1.17430442955881
-1.1914758638731
1.05986522826543
-0.168166967275189
-0.247142270873957
-0.827067343959609
-1.2017956692305
2.40842984643091
1.73005632842977
1.34694131881325
2.05619866762288
-0.794154509660555
-1.29917547110472
1.06843028977297
-0.952517345541659
-0.433302547529453
-1.23748526513878
-1.29925508567225
-0.654602109106629
0.0366128616926831
-1.27497179193719
1.72241998035354
-1.07896513537617
0.639003620906125
-1.27036812588373
2.13208194589495
-0.924934454492629
0.321911629217977
