-1.04593750032915
-1.21267819122196
-1.19013335772757
-1.22350536426885
-1.05132308668058
-1.40767348130276
-1.0052316440929
-0.753598018645127
-1.01124862029369
-0.628072433546372
-1.32826804568279
-0.760740533630957
-0.987468907317251
-1.21647422156072
-1.34483635001184
-1.19140845806848
0.0932749925573888
-0.729934684674375
-0.789890645120116
-1.39082237479927
-1.03444442003416
-1.2527893993477
-1.58894737624028
-1.46128288498958
-1.18589631290929
-1.39769427853847
-0.632908794550847
-1.19965816809372
-0.972508429403007
-1.17224645699244
-1.08359599748843
-1.43403415527257
-1.03770456750419
-1.10001041308105
-1.00719955744915
