7.179578
4.850853
4.71641
5.015921
5.900529
7.250185
9.208017
6.917297
6.216943
7.583162
4.00789
4.521418
4.61132
2.988126
3.668343
3.2243
4.282837
3.740667
3.762722
2.264487
-5.253762
-3.274512
-4.863303
-4.402728
-2.847184
-4.147855
-5.110655
-3.464435
-3.863617
-3.708255
8.786702
5.423388
7.064781
6.961082
6.556496
6.568706
4.215644
7.002205
8.264648
9.471345
-3.303935
-4.220914
-4.569633
-5.085433
-5.665572
-1.69721
-3.598451
-3.544179
-3.485012
-3.407918
1.441939
4.262856
0.6169596
0.8500368
2.52507
1.492563
0.05800241
0.6302711
1.021121
1.474296
