6.42436748431477
5.58081582473919
5.23376237517704
5.49592891206376
5.42025953852396
7.15874119937059
9.63025070314826
5.96125955708229
5.2914498793011
5.98691571726984
2.44358649061465
3.90690483201516
4.78718648068911
2.49742428172161
2.6107171186921
2.75548684692294
3.25221910341946
3.31392179257431
2.43325276832486
2.51229221349871
-4.38254060859821
-3.94947325158068
-4.01176244914327
-4.13578233006782
-3.54521839611042
-4.5417209508858
-4.37582895040717
-3.60459674163313
-3.78901964872024
-4.21140376128893
8.06505108916179
7.41988945756579
7.55516579587191
7.11050584400205
6.99332592266892
6.3818510943438
6.42993879703778
6.99653661773997
7.56117759460948
8.29689737804554
-0.231475070631742
-0.756940289108659
-0.612813548764106
-0.00447494470192539
-0.806270442836981
2.4333175292689
-0.878008708964725
0.162678299173179
-0.584265579302827
0.426240188866511
-3.20574339052018
-1.73586980001994
-3.71326968814071
-2.43330242168141
-3.28873234895117
-2.39048132155604
-3.7749834812125
-3.41381886391318
-2.91016389748311
-3.16899931066623
