-1.08152935120677 -0.659767298490031 0.252406298349721 -1.04274152142041 3.46788247673648
1.32744412294695 0.667434317981163 0.85674655848171 1.95458349814911 28.0469288673176
0.608508155492253 1.1730039864423 -0.142065282484779 0.532696853476701 2.81543971910934
-0.105291201087028 -0.121317280949564 -0.147040144834688 -1.22797104313875 2.16659950658825
-0.377343338386993 0.0888278705607201 -0.722957007487156 -2.00192692103836 0.377770187034135
-1.2746733016527 -1.09303591762142 0.142692756704852 0.148283064844976 13.1760839777534
-0.678362283747937 -0.917013261339797 0.316349400201337 -0.276888248601658 0.154626379131667
1.13640490458598 1.25639007316196 -0.234050910651406 1.14775701510199 22.1077977821064
1.03112899175536 0.933987661138616 -0.257168605625176 1.40922079366448 6.66425999804722
1.95773228823274 2.55872517328935 -0.420303332575466 -0.457450026374635 387.60389293115
2.01480107020357 2.14003425052628 -0.414380722920747 -0.937546818743876 220.47339162244
0.115423807160705 0.230052338938598 0.115402426944335 0.667572286613117 0.89060434665555
-0.269669270145788 -0.0395472329475195 -0.154774428285393 -1.27498968313645 55.619779695819
-0.111222723929401 -0.436007435714498 0.272956915774587 -0.934975489369878 0.201656475481235
0.121153683886701 -0.0332355635437372 -0.0478207890906319 0.385801068892137 36.2514755332818
0.457985479708393 0.282304727954661 -0.105318974571198 -0.0296184766979797 4.67902239457098
-1.82502514855886 -1.22765197497276 -0.66570947473491 0.795917055371331 0.00430209894998293
0.190863775385876 0.534079514488237 -0.591666326529991 0.56498578066317 9.8005057547205
1.29665969907671 1.17633868605031 -0.0374969370274796 -1.09949072768733 10.5739421693211
0.0625507587056389 0.109073139932454 -0.0166629637307142 1.58164792550714 0.525407011272934
-1.3368092636996 -1.51866409097204 0.150283668448681 -0.717376180739619 0.00969819990534177
1.08148037365623 1.53954492873529 -0.495103708495467 -1.93885522013691 15.3655151041855
1.86983214059652 2.47939563915107 -0.166937931926063 -1.04014455245899 273.657846488526
1.76417621548546 0.936995377399071 0.494273850676231 0.0541356878718736 16.3683323693674
0.757130628892169 0.67304497915187 0.261750556489254 -0.317104142398162 5.09783980182627
0.468924423225243 0.0769424512031762 0.313157620058193 0.821126465122813 2.8342824951235
0.489892439012916 0.395254982035654 0.652469620771012 -0.729549344670866 0.607538253109776
-0.461152598137438 0.0638223046288671 -0.704312270183217 -0.503463200236139 5.97140206898659
-1.95634262879159 -0.845070857173339 -1.44904407765234 0.134723019826997 0.00310951201441311
0.285012148531417 0.338211819973759 0.124776135564134 -1.28660659350599 9.65097630463417
2.82112359607141 2.94858414115409 0.489418390659592 1.5962975256563 3675.2773744177
1.22129924296095 0.836838260101854 -0.592017059347407 0.367721232779442 1.95876571535876
-1.64166694681205 -1.28196557769002 -0.297925967803801 -1.29892008000738 1.29994288525391
1.08117880097148 0.617289075266687 0.540547531410406 1.21391345717121 6.56154590427771
1.20911626108822 1.04576972156681 0.588871918122472 -0.00290026473990225 5.81892471487093
0.419710804269954 0.688579591891614 -0.654972820816605 0.444628122425879 14.3865012260819
1.10770765450211 0.446535242158177 0.811581781259634 1.03861090611085 790.89135020677
1.61331755587317 1.14943694664923 0.508030437950531 -0.709003214023642 144.61804397676
-1.63215687545398 -1.72718829823999 -0.172609226802999 -0.0600722971354262 0.0374625307911827
0.0123912115117158 -0.11826325763125 0.601481371376749 0.674807653743805 20.7003670373961
0.385995098740328 0.97708084684943 -0.159295096421277 -0.380239697577822 0.270430003644815
0.236139089176509 -0.255314806948122 0.474167148218372 -1.69193398014492 1.16728059503671
0.616757178845489 0.953640611997633 0.696224444607845 -0.572412438237653 2.03611004131762
0.342075447591432 0.776905020349464 -0.432712953359923 0.737865947005425 3.17197059494828
-0.705450855545946 -0.603755733726576 -0.0712703022162925 -0.291220506923505 0.583343506268543
-0.372628719931608 -0.0812551532114599 0.333300326006523 0.15883836077179 0.116816549184757
-2.0949678697622 -1.51287627029266 -0.714399494959478 1.51958771006219 0.0209209848041633
1.24546251186221 2.06074021168921 -0.685533792426948 -1.46824318540861 101.452921738545
-0.07296056329272 0.177426173365465 0.442324241811444 1.22354815277035 2.45951839933874
-1.6565267675885 -2.04166636503414 0.235551995600559 1.29219182307143 0.144711204287082
-0.0648489539398416 -0.570208309388739 0.163110242685362 0.204928837416177 2.89142391048569
-0.714347446377549 -0.483887418725685 -0.274443563360707 -1.51012252524821 0.0789203460891248
-0.678950899568057 0.403314042747558 -0.96514370623159 1.09656314923291 0.0288024732246461
1.50063834009919 1.23395444675387 -0.0268358576599347 0.423940510583458 116.658367379923
-0.62099459151175 -0.80630989102004 -0.54757241738708 1.51835069718009 0.196024857715521
-0.841075308352212 -0.769984968187768 -0.351268213826654 0.657063049691391 0.405446580093955
-0.164407975124176 0.0601733095085836 -0.047019483119771 0.516951980022166 0.0136306837208397
0.326915692174765 0.40698341204821 -0.0455380748445946 0.842437314251565 80.1383287282598
-1.67336906311126 -2.06033045997157 0.0196867628430962 1.19556857864758 0.0279489035039444
-0.404309716597418 -0.324793903234973 -0.0915857709706271 -0.3815890251335 0.16042113823048
0.82656537380576 1.0613470253437 0.171999093123522 0.553888497153498 .
-1.07192701481363 -1.59434171767657 0.42480510649884 -1.26636012522528 .
-0.685657164873576 -0.077803941784752 -0.045026015454816 0.952404368596975 .
0.0859957999453084 0.207999604255161 -0.167695201863918 -0.916375667288055 .
1.54003248489965 1.40210956436428 -0.0322296210139943 1.37545452648969 .
-0.21120863448176 -0.0204077294896459 -0.0402117127908605 -0.617858654593152 .
-0.270127953253677 -0.0324091465552504 -0.257552083431024 1.4216526746697 .
-0.71020441953173 -0.779452922188249 -0.124838467524979 0.805550408149668 .
-0.307040529100796 -0.275141480150908 -0.327210508422441 -0.235552383792978 .
2.02159931745307 1.99413735797142 0.29218234737221 0.319667853154245 .
-0.216044778984337 0.109586691102535 -0.209882210862697 0.779985797355307 .
1.63927873448374 1.18419594665005 0.535176754863443 -0.541531187836992 .
-1.02690861896735 -0.855727192084861 -0.0966914684113095 0.304626596542249 .
-0.529167814571504 -0.235996293326621 0.0205009026878068 0.948949931363744 .
0.876377731294809 0.906351425043862 0.105167991665363 -0.404569488590708 .
0.592816686498388 0.725092955106069 -0.407302713038578 0.221110813330225 .
-0.949725064812266 -1.86008239070672 0.307914805164877 -0.108351438047677 .
-0.518270806655355 -0.535492173984075 -0.0106220965444024 0.201292481644889 .
-0.263557949081424 -0.396430951864195 0.244045612726607 -0.205647375075944 .
0.185727165022235 0.0368718444524048 -0.213404946803978 0.485329644749572 .
1.2811060471488 0.788414015859434 0.601653507827839 -0.695557110449392 .
-0.621676495603582 -0.876928925761483 -0.230895217285964 -1.80221106568339 .
-0.134776908754774 -0.851213318363134 0.853398211775838 -0.529408874797318 .
0.259775979245896 0.0517860317083417 -0.206727994778478 0.510088110455981 .
0.862632549753079 0.737266262737501 0.0204387193856796 0.519968160451494 .
0.921713953342282 1.5176972155745 -0.442691105638241 -0.955941170236625 .
-0.57053316395591 -1.09997458263411 0.371898377734404 0.416285959060781 .
-0.787687484103523 -1.03848591701433 0.179244764308538 0.218101279501373 .
0.118346184600034 -0.103035034520167 0.134487062461391 -0.0582343208772051 .
-0.512170317348473 0.0460801212597198 0.410558180015804 -0.116979474686409 .
0.104137155327174 -0.0227215996215484 0.0614602548081429 0.58148788479827 .
0.585194940633998 1.25876034643626 -0.11439493837455 -1.22321388569543 .
1.13869449759407 0.596967280744548 -0.0340453366028016 0.266109761685518 .
0.0368616180050501 -0.15907019117601 0.569633373800098 0.551271320969475 .
-0.802695243586789 -1.39625998218107 0.0339502850141771 1.56331543238473 .
2.15220902054745 2.5226438675449 0.0389438643717698 -0.251722290631199 .
1.46750369201549 1.30265034404832 0.0744910190825043 1.3621256638186 .
-0.0118777804084583 -0.556750931903158 -0.0225834272973042 -0.682287476802255 .
0.711181525644315 -0.00819564276211475 0.971814738726044 -0.463192384093532 .
-1.57566105029324 -0.778398320754309 -0.685038487276874 0.242183313487787 .
