10.9438159257523
0.160667672568088
0.379246925665084
2.10888522474052
53.4704300843968
1.0890895009034
0.955365025529401
0.359102571752259
0.880086715977669
156.001517303022
1.0774413714285
66.6728139072397
0.177582266288138
0.537072361725914
12.225568463175
6.50809897393642
0.210828982015317
0.550243950030524
0.969423466409168
2.63242795042732
30.0667625516243
0.437223696126538
1.29082777401601
3.10356048447527
11.8575867085257
13.5221906871722
0.489879427492727
0.302272460799572
2.26616449088759
0.557758360261605
2.19568872726794
6.39873856214749
21.9063424685281
1.89063427981035
0.292352388381138
208.56883060354
45.5069505895244
1.69645883766025
8.46741275904167
0.052421332020088
