8.50390431728626
-34.8678779015182
35.4141691263654
7.25810768135565
19.1856301902834
15.341458827256
45.5896992059577
18.7055583706545
0.330205748806593
28.5147558400214
17.6686765448292
12.1105086012066
14.9346255163124
36.9728906237768
13.6760567655141
59.4771681709946
7.01152045677609
6.71734228054475
24.2861576818468
4.39997814197723
4.4129713484037
45.3317372062003
8.43016038891067
28.0657074111115
11.8499765175307
19.5069777166761
22.6641543640983
14.3750232273429
5.8802792340714
4.91384388294663
15.5478497191871
9.49563662611415
14.2687129149437
17.0229110482406
29.3720971549616
-10.9866505110686
15.3149395496781
53.8724607149386
20.5213499627313
32.1400737280146
