1.76359645786692
1.77232958909309
1.78106272031925
1.78979585154542
1.79852898277158
1.80726211399775
1.81599524522391
1.82472837645008
1.83346150767624
1.84219463890241
1.85092777012857
1.85966090135474
1.8683940325809
1.87712716380707
1.88586029503323
1.8945934262594
1.90332655748556
1.91205968871173
1.92079281993789
1.92952595116406
1.93825908239022
1.94699221361639
1.95572534484255
1.96445847606872
1.97319160729488
1.98192473852105
1.99065786974721
1.99939100097338
2.00812413219954
2.01685726342571
2.02559039465187
2.03432352587804
2.0430566571042
2.05178978833037
2.06052291955653
2.0692560507827
2.07798918200886
2.08672231323503
2.09545544446119
2.10418857568736
2.11292170691352
2.12165483813969
2.13038796936585
2.13912110059202
2.14785423181818
2.15658736304435
2.16532049427051
2.17405362549668
2.18278675672284
2.19151988794901
